#Seq2Logo.py -f YESYYREKAGQWFVSNLYLQSLFYTWSAYAYEWY.ba -I 2 -b 50 -C 0 -l 1 -o YESYYREKAGQWFVSNLYLQSLFYTWSAYAYEWY -y 0.25:2.0 -H ends
Last position-specific scoring matrix computed, values are in halfbits
A R N D C Q E G H I L K M F P S T W Y V
1 S 1.605 -0.241 -2.61 -6.363 -1.527 -3.004 -7.143 -1.217 -1.049 1.02 -1.235 -0.007 1.143 2.523 -7.281 1.766 0.274 -0.71 2.86 0.427
2 A 4.198 -7.593 -2.593 -8.374 -2.28 2.202 -6.293 1.232 -3.094 -2.042 -2.749 -5.778 2.521 -4.705 -8.569 2.777 -0.021 -5.605 -5.138 -1.075
3 L -0.616 -5.365 -2.549 -5.216 -2.627 -2.48 -8.411 -3.128 0.001 3.515 2.107 -5.204 3.01 2.229 1.74 -5.117 -3.035 0.412 1.633 0.756
4 L 0.412 0.382 -0.81 -3.405 -0.242 0.37 -0.321 -1.76 -1.19 1.076 1.117 -0.804 -0.295 -1.001 -0.005 0.067 0.566 -3.141 -1.396 1.25
5 N -3.249 -2.817 6.941 -1.265 -1.575 -4.111 -5.471 -1.152 0.044 -1.926 -0.719 -2.763 0.983 -1.059 -4.136 -0.376 -1.62 -3.194 -3.809 -4.268
6 L 0.521 -0.286 -1.953 -3.05 -3.382 -0.256 -2.691 0.002 0.96 0.554 0.914 -1.575 1.089 1.823 0.285 -0.453 -0.741 1.778 1.123 0.604
7 D 0.337 -3.646 -0.501 2.604 -2.989 -0.713 0.7 -2.626 0.222 0.085 -0.076 -4.303 -0.92 0.579 -1.362 -0.171 1.308 -1.857 1.296 0.784
8 P 0.296 -2.425 -1.516 -2.119 -3.402 -2.86 0.051 -5.106 -1.058 -0.709 0.059 -2.605 -2.439 2.647 2.411 -0.502 1.793 -1.52 3.074 0.286
9 L -1.568 -11.705 -12.319 -12.529 -7.157 -9.634 -12.441 -7.181 -11.529 4.378 4.011 -11.677 3.928 0.262 -8.122 -8.157 -4.438 -7.143 -7.362 2.341