#Seq2Logo.py -f YVEYYRERAGNSFVDTAYLWAWFYTWAADAYEWY.ba -I 2 -b 50 -C 0 -l 1 -o YVEYYRERAGNSFVDTAYLWAWFYTWAADAYEWY -y 0.25:2.0 -H ends
Last position-specific scoring matrix computed, values are in halfbits
A R N D C Q E G H I L K M F P S T W Y V
1 V 0.091 2.319 -3.124 -4.24 -0.089 -2.664 -5.775 -3.473 -0.753 2.031 -0.128 0.583 0.202 0.831 -5.269 0.727 0.044 -0.263 0.786 1.993
2 G -0.326 -11.186 0.73 -8.294 -5.158 -4.446 -11.346 6.414 -2.338 -3.707 -4.641 -9.441 -1.573 -7.426 -9.908 1.291 -2.335 -3.192 -6.255 -4.48
3 P 0.606 -4.204 -4.495 -4.675 -2.333 -2.883 -6.122 -3.289 -1.551 0.944 -1.622 -4.346 0.315 1.1 6.28 -2.212 -2.424 -0.991 0.797 -1.879
4 L 0.171 1.024 -1.498 -0.572 -1.063 -0.242 0.193 -1.228 -0.518 0.494 0.189 -0.095 0.423 0.395 0.631 -0.622 0.07 -0.244 -0.53 0.593
5 R -0.237 2.883 1.108 -3.583 -2.346 -1.538 -2.876 -2.334 1.535 0.389 0.413 1.212 0.15 2.055 -1.951 -1.26 -1.025 0.842 0.466 -0.935
6 L 0.741 -0.564 -0.94 -3.568 -0.383 -0.995 -3.631 -0.948 0.606 0.646 0.507 -1.301 -1.448 2.74 -0.394 -1.03 -0.29 2.8 2.478 0.548
7 L 0.908 -1.397 -0.761 0.283 -1.54 -0.022 0.07 -1.905 1.981 -0.698 0.506 -3.315 1.205 1.298 -0.374 -0.528 0.232 0.853 1.162 0.265
8 L -0.336 1.088 -0.885 -3.148 -1.523 -1.823 -0.027 -1.478 0.037 -0.725 1.947 -1.828 0.187 1.519 -0.061 -0.441 1.269 -0.954 0.302 -0.716
9 L -6.227 -11.84 -12.501 -12.733 -9.73 -9.784 -12.676 -7.225 -11.374 4.041 4.5 -8.367 0.313 4.073 -13.053 -12.321 -8.636 2.753 -6.941 0.069