#Seq2Logo.py -f YESYYRIIADNWFVSTAYIRYEFYTWGAYAYEWY.ba -I 2 -b 50 -C 0 -l 1 -o YESYYRIIADNWFVSTAYIRYEFYTWGAYAYEWY -y 0.25:2.0 -H ends
Last position-specific scoring matrix computed, values are in halfbits
A R N D C Q E G H I L K M F P S T W Y V
1 L -0.71 -0.709 -1.123 -5.42 -0.261 -0.454 -4.562 -2.911 -0.41 2.122 1.769 -1.793 3.481 1.885 -8.007 -0.428 -0.193 1.354 1.563 0.562
2 P 0.579 -11.283 -8.374 -9.585 -7.481 -4.214 -9.798 -1.287 -8.239 -1.558 -1.566 -10.556 1.744 -6.25 7.375 -3.341 -4.261 -12.751 -6.903 -1.914
3 L 0.986 -3.513 -0.301 -1.419 -0.751 -0.211 -1.653 -0.765 0.562 0.409 1.093 -3.119 3.038 2.696 -7.337 -0.093 -2.331 2.824 1.558 -0.358
4 L 1.148 -0.433 -2.157 -1.917 -0.634 -1.341 -1.123 -1.61 -0.426 -0.0 1.168 -0.436 1.254 0.346 0.262 0.58 0.586 1.336 -1.418 0.251
5 L -0.96 -2.875 -1.709 -3.788 -1.531 -1.388 -3.341 -2.753 -3.128 1.905 3.119 -3.905 2.979 1.568 -1.781 -1.42 0.257 -0.735 -0.979 1.073
6 L 1.007 -0.643 -2.043 -2.693 -1.306 -1.016 -2.265 0.294 1.431 0.859 0.415 -1.705 -2.199 1.642 0.753 -0.234 0.349 1.971 0.603 0.087
7 L 0.776 -1.521 -1.158 0.344 -2.965 0.319 -0.049 -2.529 0.51 0.502 0.947 -3.548 -1.158 1.985 -0.994 -0.619 0.498 2.077 1.094 0.034
8 L 1.055 -1.385 -0.383 -2.085 -2.01 -1.827 -0.136 -1.468 -0.636 -1.053 0.953 -4.129 -0.007 1.091 0.76 0.437 2.005 -0.086 0.543 -0.083
9 F -9.207 -11.911 -12.39 -12.744 -10.13 -12.431 -12.685 -8.763 -10.729 1.471 3.373 -12.152 1.889 6.807 -13.359 -12.359 -9.759 4.524 -1.591 -1.941