#Seq2Logo.py -f YVEYYREKAGNSFVDTLYIVSQYYTWAELAYTWY.ba -I 2 -b 50 -C 0 -l 1 -o YVEYYREKAGNSFVDTLYIVSQYYTWAELAYTWY -y 0.25:2.0 -H ends
Last position-specific scoring matrix computed, values are in halfbits
A R N D C Q E G H I L K M F P S T W Y V
1 V 0.337 -0.065 -5.583 -7.903 -1.755 -1.859 -7.636 -3.62 -2.345 3.187 -0.532 0.168 0.81 -0.791 -9.932 1.888 0.089 -5.551 -0.537 3.028
2 S 1.587 -5.254 2.281 -7.645 -3.325 -0.845 -9.651 0.94 -1.505 1.46 -1.525 -6.467 1.474 -0.492 -7.871 2.336 1.056 -0.274 -1.756 1.345
3 F -1.364 -2.055 -2.917 -10.025 -3.877 -2.742 -10.16 -4.977 -0.16 1.715 0.82 -5.427 1.786 4.845 -0.081 -3.7 -3.529 1.383 5.336 -0.987
4 L -0.457 0.393 -0.618 0.015 -1.531 -0.594 0.187 -0.898 0.369 -0.006 0.556 -0.712 -0.37 0.496 0.457 0.043 0.696 -0.089 0.71 -0.372
5 F -0.629 1.507 -0.962 -5.683 -0.57 -2.553 -2.879 -3.988 1.621 -0.015 0.687 -0.819 -0.199 4.364 -1.214 -1.149 -0.79 1.377 2.833 -1.098
6 F -1.105 -1.248 -3.316 -6.865 -1.096 -2.066 -4.565 -1.774 0.918 0.232 0.608 -3.343 0.456 5.169 -3.015 -1.146 -1.687 2.098 4.283 -0.747
7 A 2.279 -0.905 -0.094 -3.397 -1.493 -0.105 -2.564 -0.756 0.682 0.669 -0.352 -2.64 2.098 -1.807 0.985 0.263 0.766 -1.507 0.11 0.045
8 L 0.215 0.932 1.235 -3.846 -3.388 -0.562 -1.106 0.692 1.113 -2.018 0.855 -2.287 0.078 0.448 1.217 0.434 0.832 -3.729 0.922 -2.62
9 L -3.551 -11.614 -12.394 -12.665 -9.53 -11.908 -12.486 -12.402 -11.463 2.107 5.263 -10.099 3.192 1.485 -10.354 -6.613 -3.954 -5.504 -6.507 1.363