#Seq2Logo.py -f YVAFYEQRASDWFVSTAYFRFQFYTWADYAYEWY.ba -I 2 -b 50 -C 0 -l 1 -o YVAFYEQRASDWFVSTAYFRFQFYTWADYAYEWY -y 0.25:2.0 -H ends
Last position-specific scoring matrix computed, values are in halfbits
A R N D C Q E G H I L K M F P S T W Y V
1 S 1.078 1.421 -1.272 -4.576 -1.263 -1.778 -3.341 0.253 0.792 0.276 -1.39 0.578 0.63 1.494 -6.699 1.704 -0.217 -0.036 2.239 -0.916
2 Y -6.023 -5.937 -11.162 -12.005 -10.959 -0.409 -11.418 -5.207 3.785 -5.409 -4.127 -11.084 0.141 3.806 -12.753 -5.771 -8.854 3.118 8.378 -6.037
3 L 0.502 -2.606 -0.761 -4.074 -3.83 0.854 -3.523 -3.078 1.376 2.278 0.97 -2.406 2.963 2.093 -2.642 -0.922 -0.834 -0.941 2.202 0.544
4 S 0.588 0.675 -0.194 -1.059 -2.811 -0.239 0.34 -0.427 0.015 -1.476 -0.789 -0.033 0.433 -1.179 1.581 1.134 0.505 -0.786 -0.174 -0.891
5 L 0.106 -1.072 2.305 -2.487 -1.121 -1.557 -4.901 -0.324 -1.069 0.501 0.982 -1.463 2.565 0.563 -1.234 0.989 0.566 0.065 -1.786 -0.07
6 L 0.827 0.89 -0.177 -2.919 1.2 -0.576 -2.189 0.196 0.731 0.822 0.47 -0.875 -0.543 0.754 0.021 -0.275 -0.844 0.985 -0.435 0.242
7 S 0.155 -0.981 0.414 0.413 -2.031 0.642 0.473 -2.69 1.174 -1.464 -1.42 -1.489 -1.206 -0.589 -1.006 2.064 2.416 -0.505 0.282 -1.451
8 T 0.972 -1.044 -0.266 -2.167 -2.014 -1.08 0.084 -2.222 1.315 -0.453 -0.297 -2.85 -1.33 0.406 0.796 0.792 2.214 -1.513 1.767 -0.428
9 I -3.75 -11.857 -10.059 -10.374 -9.459 -12.065 -12.58 -10.672 -11.739 5.257 3.782 -11.797 1.903 -1.221 -7.454 -7.306 -5.795 -3.168 -10.332 2.849