#Seq2Logo.py -f YHSYYRNIAGNIFVNTAYFRYEYYTWADDAYTWY.ba -I 2 -b 50 -C 0 -l 1 -o YHSYYRNIAGNIFVNTAYFRYEYYTWADDAYTWY -y 0.25:2.0 -H ends
Last position-specific scoring matrix computed, values are in halfbits
A R N D C Q E G H I L K M F P S T W Y V
1 L -0.646 -2.262 1.305 1.723 -2.509 -0.497 1.235 -3.244 1.109 -0.056 0.353 -4.167 1.287 1.377 -9.877 -0.133 0.114 1.382 2.124 -0.26
2 E -8.195 -9.519 -3.216 0.94 -11.739 0.415 7.452 -11.197 -9.031 -12.107 -12.099 -5.978 -11.118 -12.025 -8.551 -9.276 -10.658 -11.841 -11.33 -11.544
3 L 0.779 0.318 0.193 -3.51 -3.323 1.271 -2.191 -2.402 0.884 0.681 0.505 -0.164 2.278 1.34 -5.878 -0.61 -0.294 1.643 1.753 0.083
4 L 0.068 0.075 -2.314 0.478 0.429 0.371 1.343 -0.824 -0.093 -0.532 0.743 -0.534 0.892 0.526 0.395 -0.643 -0.813 -0.419 -0.977 -0.375
5 L 0.079 0.714 -0.468 -2.038 -2.317 -1.031 -3.926 -1.183 1.019 0.942 1.727 -1.274 0.737 1.076 -1.45 -0.653 0.041 0.249 0.345 0.915
6 A 1.764 0.556 -1.488 -1.768 -0.91 -0.372 -2.677 1.171 0.129 0.769 0.15 -0.441 -2.006 0.717 -1.006 -0.829 -0.586 -0.496 -0.195 0.55
7 R 0.73 2.333 0.052 -1.903 -2.976 0.916 -0.885 -1.462 -0.051 -0.739 0.158 0.323 1.097 -0.371 -0.511 -0.464 0.431 -0.084 -0.593 -0.507
8 L -0.04 -0.365 -1.837 -2.271 -0.554 -0.696 -0.168 -1.206 -0.163 -0.038 1.56 -0.76 0.282 1.358 -0.932 -0.584 0.927 -2.197 1.037 0.621
9 I -3.154 -11.968 -12.468 -12.6 -9.44 -12.167 -12.618 -10.664 -11.775 5.525 2.612 -11.862 0.626 0.767 -10.337 -12.059 -9.259 -2.666 -7.34 3.909