#Seq2Logo.py -f YHSYYRNIADNSSVDTLYIRYEVYTWAARAYAWH.ba -I 2 -b 50 -C 0 -l 1 -o YHSYYRNIADNSSVDTLYIRYEVYTWAARAYAWH -y 0.25:2.0 -H ends
Last position-specific scoring matrix computed, values are in halfbits
A R N D C Q E G H I L K M F P S T W Y V
1 D -2.637 -2.592 1.963 3.379 -1.54 -0.762 1.39 -5.707 1.259 -0.367 -1.166 -5.261 2.03 1.171 -11.946 -0.03 -0.014 1.789 1.994 -0.603
2 E -6.157 -5.122 0.927 4.562 -11.545 2.013 5.93 -6.896 -1.168 -10.109 -7.522 -5.542 -3.035 -7.533 -2.42 -8.056 -6.472 -12.011 -7.748 -8.425
3 F 0.573 -1.996 -1.151 -0.192 -2.598 0.708 -1.247 -3.952 0.166 1.324 0.475 -2.957 2.498 2.892 -4.746 -0.65 -0.66 2.006 2.657 -0.553
4 L -1.167 -0.684 -1.446 1.157 0.438 -0.554 1.089 -0.895 -1.003 -1.096 0.966 -0.557 0.269 1.246 1.323 -0.587 -0.66 0.972 0.014 -0.693
5 L -0.507 1.753 -2.637 -2.959 -2.647 -1.201 -3.101 -3.21 0.794 0.877 1.655 -1.163 0.581 3.038 -1.102 -0.996 -0.918 1.452 1.113 0.388
6 L 0.643 0.35 -1.928 -2.001 -1.743 -0.765 -2.49 -0.6 0.517 1.057 0.817 -1.012 -1.005 3.004 -0.797 -1.416 -0.427 0.124 1.385 0.277
7 L 0.701 -0.472 0.14 -0.395 -2.62 0.106 -0.849 -2.698 0.674 0.322 0.209 -3.182 0.676 2.399 -0.01 -0.825 -0.013 2.639 1.663 -0.302
8 L 0.744 -0.581 -0.505 -3.551 -0.255 -0.632 0.408 -1.42 0.137 -1.171 1.136 -1.627 -0.649 1.312 0.457 -0.439 0.947 -1.512 1.485 0.051
9 L -6.2 -11.726 -12.511 -12.754 -9.596 -12.07 -12.604 -12.541 -11.455 2.818 4.915 -8.343 2.56 3.179 -12.958 -12.257 -10.757 -3.131 -7.109 1.924