#Seq2Logo.py -f YESYYRIIAGQWFVNTLYLWYEFYTWAAYAYEWY.ba -I 2 -b 50 -C 0 -l 1 -o YESYYRIIAGQWFVNTLYLWYEFYTWAAYAYEWY -y 0.25:2.0 -H ends
Last position-specific scoring matrix computed, values are in halfbits
A R N D C Q E G H I L K M F P S T W Y V
1 L 0.129 1.207 -1.253 -5.391 -0.557 -1.627 -6.089 -2.39 0.496 2.4 1.07 0.049 2.479 0.216 -5.939 -0.135 -0.054 0.432 1.03 0.764
2 P -0.913 -11.323 -9.429 -7.238 -10.574 -6.202 -9.722 -1.794 -10.927 -5.639 -6.403 -10.453 -1.935 -9.827 8.137 -4.26 -5.54 -13.43 -11.869 -6.21
3 L 0.349 -1.07 -0.357 -1.712 -2.645 0.916 -1.844 -1.794 0.804 0.54 1.252 -2.089 2.797 2.676 -4.561 -0.778 -2.811 2.958 2.215 -0.777
4 L 1.133 0.007 -2.293 -1.74 -0.546 -0.742 -0.53 -1.977 -0.333 -0.126 0.686 -0.343 1.144 0.68 0.31 0.452 0.609 1.181 -1.21 0.272
5 L -0.396 -0.21 0.103 -4.089 -0.751 -1.865 -3.213 -1.398 -0.799 1.658 1.814 -1.469 1.871 1.461 -0.968 -0.065 0.328 -1.868 -0.366 0.653
6 L 0.82 -0.015 -2.876 -3.915 -2.321 -0.452 -3.658 0.369 1.6 0.698 0.568 -0.503 -1.487 1.961 0.105 -1.203 -0.555 3.802 1.26 0.108
7 L 0.502 -0.277 -0.505 -1.462 -2.619 0.1 -0.809 -2.976 1.313 0.595 1.094 -3.188 -0.303 1.921 -0.257 -1.482 0.586 1.366 1.617 0.412
8 L 1.2 -1.108 -0.214 -1.598 -2.291 -1.166 -0.49 -2.151 -0.059 -0.344 0.941 -2.858 -0.524 1.49 0.424 -0.089 1.301 -0.481 1.084 0.227
9 L -5.154 -11.697 -12.408 -12.696 -9.672 -12.013 -12.559 -8.156 -11.231 2.405 4.714 -11.836 3.955 4.046 -12.97 -12.16 -5.315 -1.842 -3.894 0.689