#Seq2Logo.py -f YESYYRIIAGQWFVNTLYIRYEYYTWAAYAYEWY.ba -I 2 -b 50 -C 0 -l 1 -o YESYYRIIAGQWFVNTLYIRYEYYTWAAYAYEWY -y 0.25:2.0 -H ends
Last position-specific scoring matrix computed, values are in halfbits
A R N D C Q E G H I L K M F P S T W Y V
1 L -0.535 -0.025 -1.283 -6.846 0.008 -1.658 -5.148 -2.658 -0.086 2.148 1.246 -1.286 3.768 2.126 -12.24 -0.437 -0.42 1.566 2.371 0.252
2 P 0.697 -9.621 -11.192 -6.778 -7.496 -2.602 -5.827 -3.735 -10.878 -2.701 -1.655 -10.465 1.691 -8.302 7.528 -3.438 -4.436 -12.896 -11.575 -2.767
3 L 0.317 -1.793 0.42 -0.637 -2.334 0.07 -1.851 -1.798 0.643 0.632 1.056 -3.231 3.405 2.821 -6.824 -0.865 -3.03 3.539 2.112 -0.872
4 A 1.418 -0.298 -2.125 -1.884 0.527 -0.44 -0.78 -1.132 -0.648 -0.186 0.687 -0.642 1.346 0.425 -0.03 0.336 0.714 1.119 -1.64 0.145
5 L -0.723 -1.566 -0.425 -3.208 -0.581 -2.595 -3.826 -2.133 -1.39 1.814 2.518 -2.271 2.159 1.896 -1.311 -0.785 0.256 -0.736 -0.206 0.792
6 L 0.659 -0.602 -2.748 -3.918 -0.924 -0.877 -3.797 0.427 1.228 1.233 0.65 -1.792 -0.542 2.228 0.319 -0.727 -0.197 3.026 0.973 0.179
7 L 0.905 -0.714 -0.838 -1.147 -1.777 -0.52 -0.975 -2.326 0.805 0.575 1.025 -4.322 -0.542 2.329 -0.713 -0.648 0.155 2.688 1.68 0.009
8 L 1.274 -1.266 -0.644 -2.111 -2.98 -1.645 -0.646 -2.175 -0.186 -0.848 0.902 -3.711 -0.121 2.014 0.811 -0.313 1.4 0.084 1.676 0.204
9 L -5.546 -11.719 -12.396 -12.703 -9.765 -12.053 -12.565 -9.564 -11.021 2.095 4.395 -11.878 4.182 4.927 -13.04 -12.195 -7.404 -0.49 -1.45 0.306