#Seq2Logo.py -f YHIMYREKADMNFVNTLYLWYCEYSSVEQAYPWY.ba -I 2 -b 50 -C 0 -l 1 -o YHIMYREKADMNFVNTLYLWYCEYSSVEQAYPWY -y 0.25:2.0 -H ends
Last position-specific scoring matrix computed, values are in halfbits
A R N D C Q E G H I L K M F P S T W Y V
1 R 1.79 3.189 -4.921 -10.964 -2.646 -1.349 -6.655 -1.032 -0.081 -0.393 -0.848 2.156 1.488 0.657 -11.779 0.808 -1.845 -2.643 2.201 -0.753
2 L 1.512 -10.788 -6.83 -11.129 -9.348 0.784 -9.721 -4.89 -10.773 1.009 2.015 -10.535 2.904 -8.612 -11.73 1.906 3.346 -11.49 -8.759 2.078
3 A 2.365 -2.33 0.82 -1.286 -5.988 -2.872 -5.332 -3.836 -0.416 1.82 -0.861 -3.232 2.055 2.007 0.31 0.298 -1.128 -1.237 2.269 0.142
4 G 0.835 0.575 -0.125 0.935 -1.139 -0.379 1.313 1.129 0.392 -3.019 -1.699 -0.679 -2.274 -0.418 1.867 0.131 -0.422 -1.263 -0.548 -2.509
5 A 0.578 1.182 0.637 -1.548 -3.887 -0.264 -1.58 0.845 1.088 -0.144 -0.701 -0.782 -0.246 0.779 0.227 0.186 0.464 1.334 0.574 -1.762
6 L 0.353 -2.637 -0.3 -2.505 -3.383 -1.292 -4.918 0.446 1.345 1.174 0.879 -3.232 0.937 0.524 -0.493 0.563 1.464 0.839 0.517 0.563
7 L 1.306 -1.709 -1.863 -1.633 -2.032 -0.094 -2.127 -0.325 -0.201 0.15 1.193 -3.101 1.197 -0.731 0.768 0.879 1.345 -0.746 -0.222 -0.404
8 L 1.168 -0.303 -0.977 -1.942 -6.04 -1.647 0.123 -0.254 -0.53 -1.321 1.174 -2.325 -1.198 1.109 0.097 0.125 0.396 -2.221 2.511 -0.454
9 L -8.464 -11.724 -12.259 -12.67 -10.02 -12.043 -12.472 -12.413 -10.069 1.68 3.131 -11.882 3.014 5.367 -13.093 -12.19 -11.014 2.549 4.463 1.165