#Seq2Logo.py -f YHSMYREIAGHSFGSTAYLWYLFYTWAIDAYTSY.ba -I 2 -b 50 -C 0 -l 1 -o YHSMYREIAGHSFGSTAYLWYLFYTWAIDAYTSY -y 0.25:2.0 -H ends
Last position-specific scoring matrix computed, values are in halfbits
A R N D C Q E G H I L K M F P S T W Y V
1 A 1.791 2.49 -1.107 -2.912 -2.648 0.037 -0.508 -1.378 0.215 -1.225 -1.943 1.216 0.783 -0.958 -7.248 0.904 0.04 0.07 1.58 -0.504
2 E -4.767 -5.368 -2.297 3.951 -11.366 3.377 6.093 -6.916 -9.231 -8.903 -4.643 -8.278 -2.101 -11.818 -8.598 -3.832 -3.388 -11.92 -9.023 -5.036
3 L 0.873 -2.047 -0.047 -2.952 -4.414 -0.277 -3.002 -2.125 0.638 2.008 0.994 -2.103 3.288 2.222 -2.142 -1.464 -1.573 0.411 1.897 0.276
4 L 0.043 0.742 -0.493 0.147 -0.118 -0.355 0.953 0.081 -0.63 -1.026 0.051 0.24 -0.663 0.966 1.095 -0.063 -1.052 0.425 -0.685 -1.68
5 L -1.134 1.208 1.003 -1.948 -3.01 -0.66 -2.057 -0.524 1.22 0.69 1.066 -0.79 0.797 2.389 -2.341 -1.169 -0.337 2.04 -0.199 -0.004
6 L 0.48 -0.607 -1.686 -2.409 -1.782 0.072 -3.663 0.418 0.87 1.014 0.621 -1.111 -0.33 1.776 -0.493 -0.774 0.222 2.042 0.696 0.726
7 L 0.239 -0.253 -0.781 -1.636 -2.331 0.233 -0.883 -3.005 1.156 0.874 1.12 -2.248 0.654 2.064 -0.387 -1.674 -0.611 3.202 1.512 0.327
8 L 0.328 -1.199 -1.044 -1.48 -0.581 -1.455 -0.159 -1.611 0.872 -0.109 1.64 -1.721 -0.782 1.108 -0.599 -0.46 1.626 -2.233 0.213 0.478
9 L -5.352 -11.902 -12.458 -12.712 -9.816 -12.278 -12.656 -12.44 -11.141 3.869 3.514 -12.006 1.473 5.034 -13.113 -12.269 -10.879 4.115 -2.387 1.381